000031 0150.50 00000548
001314 1505.00 00000521
001315 0132.93 00000519
001316 1316.93 00001539
001317 0003.99 00000520
001318 0003.99 00000002
001319 0003.99 00000002
001320 0003.99 00000002
001321 0003.99 00000002
001322 0003.99 00000002
001323 0003.99 00000004
001324 0003.99 00000002
001325 0003.99 00000330
001326 0003.99 00000000
001327 0003.99 00000030
001328 0003.99 00000060
001329 0003.99 00000090
001330 0003.99 00000120
001331 0003.99 00000150
001332 0003.99 00000180
001333 0003.99 00000210
001334 0003.99 00000240
001335 0003.99 00000270
001336 0003.99 00000300
001337 0003.99 00000332
001338 0003.99 00000364
001339 0003.99 00000396
001340 0003.99 00000425
001341 0003.99 00000454
001342 0003.99 00000483
000030 3232.99 00000641
000031 3212.09 00000646
000032 0000.50 00000651
000033 0000.32 00000657
000034 0300.20 00000663
000036 0007.99 00000679
000037 0003.99 00000698
000038 0003.99 00000831
000039 0003.99 00000838
000040 0004.25 00000845
000041 0002.99 00000858
000042 0008.99 00000864
000043 0004.80 00000892
000044 0005.75 00000925
000045 0000.30 00000951
000046 0000.35 00000982
000047 0020.50 00000999
000048 0015.99 00001010
000049 0399.50 00001032
000050 0004.99 00001050
000051 0002.00 00001068
000052 0003.10 00001078
