000001 000002 0301.00
000007 000004 0015.96
000007 000004 0015.96
000007 000004 0015.96
000007 000004 0015.96
000007 000005 0019.95
000007 000005 0019.95
000007 000004 0015.96
000007 000004 0015.96
000007 000004 0015.96
000007 000005 0000.00
000007 000004 0000.00
000007 000004 0000.00
000007 000004 0000.00
000007 000004 0000.00
000007 000004 0000.00
000007 000004 0000.00
000008 000002 0000.00
000007 000004 0000.00
000007 000004 0000.00
000007 000004 0000.00
000007 000004 0000.00
000007 000004 0000.00
000007 000004 0000.00
000007 000004 0000.00
000007 000004 0000.00
000007 000004 0000.00
000007 000004 0000.00
000007 000004 0000.00
000007 000004 0000.00
000007 000004 0000.00
000007 000004 0015.96
000007 000005 0019.95
000007 000002 0007.98
000007 000006 0023.94
000007 000007 0027.93
000007 000001 0003.99
000007 000006 0023.94
000007 000006 0023.94
000007 000004 0015.96
000007 000004 0015.96
000007 000002 0007.98
000007 000002 0007.98
000007 000004 0015.96
000007 000004 0015.96
000003 000002 0265.86
000003 000003 0398.79
000007 000004 0015.96
000007 000005 0019.95
000007 000004 0015.96
000007 000004 0015.96
000007 000004 0015.96
000003 000005 0664.65
000003 000005 0664.65
000007 000004 0015.96
000007 000006 0023.94
000007 000004 0015.96
000007 000004 0015.96
000007 000004 0015.96
000008 000005 0019.95
000007 000002 0007.98
000007 000005 0019.95
000007 000003 0011.97
000007 000004 0015.96
000007 000003 0011.97
000007 000005 0019.95
000007 000021 0083.79
